-307 : [479]
-306 : [479]
-305 : [473]
-304 : [473]
-303 : [473]
-302 : [470]
-301 : [468]
-300 : [468]
-299 : [468]
-298 : [467]
-297 : [467]
-296 : [466]
-295 : [465]
-294 : [464]
-293 : [460]
-292 : [459]
-291 : [459]
-290 : [459]
-289 : [455]
-288 : [454]
-287 : [454]
-286 : [454]
-285 : [446]
-284 : [442]
-283 : [429]
-282 : [429]
-281 : [428]
-280 : [422]
-279 : [419]
-278 : [418]
-277 : [418]
-276 : [415]
-275 : [415]
-274 : [415]
-273 : [415]
-272 : [415]
-271 : [409]
-270 : [409]
-269 : [407]
-268 : [389]
-267 : [385]
-266 : [385]
-265 : [385]
-264 : [383]
-263 : [383]
-262 : [383]
-261 : [380]
-260 : [378]
-259 : [378]
-258 : [376]
-257 : [376]
-256 : [369]
-255 : [368]
-254 : [368]
-253 : [368]
-252 : [368]
-251 : [368]
-250 : [368]
-249 : [368]
-248 : [365]
-247 : [365]
-246 : [354]
-245 : [352]
-244 : [350]
-243 : [348]
-242 : [332]
-241 : [332]
-240 : [319]
-239 : [316, 471]
-238 : [316, 471]
-237 : [315, 316, 471]
-236 : [310]
-235 : [310]
-234 : [309, 401]
-233 : [309, 354, 401]
-232 : [295, 450]
-231 : [295, 450]
-230 : [293]
-229 : [293]
-228 : [293]
-227 : [291]
-226 : [287]
-225 : [287]
-224 : [287]
-223 : [286]
-222 : [286]
-221 : [284]
-220 : [282]
-219 : [282]
-218 : [281]
-217 : [281]
-216 : [280]
-215 : [275]
-214 : [275]
-213 : [275]
-212 : [271]
-211 : [270]
-210 : [269]
-209 : [267]
-208 : [267]
-207 : [266]
-206 : [264]
-205 : [262]
-204 : [258]
-203 : [257]
-202 : [255]
-201 : [255]
-200 : [254]
-199 : [253]
-198 : [252]
-197 : [252]
-196 : [252]
-195 : [252]
-194 : [252]
-193 : [252]
-192 : [250]
-191 : [250]
-190 : [250]
-189 : [248]
-188 : [248]
-187 : [245]
-186 : [245]
-185 : [244]
-184 : [244, 291]
-183 : [240, 246]
-182 : [236, 385]
-181 : [234]
-180 : [234]
-179 : [234, 315, 422, 466]
-178 : [234]
-177 : [234]
-176 : [229]
-175 : [221]
-174 : [204]
-173 : [204]
-172 : [203]
-171 : [203, 385]
-170 : [201]
-169 : [200, 282, 385]
-168 : [197]
-167 : [197]
-166 : [197]
-165 : [197]
-164 : [196]
-163 : [196]
-162 : [196]
-161 : [196]
-160 : [196]
-159 : [196]
-158 : [196]
-157 : [196]
-156 : [195, 406]
-155 : [189]
-154 : [188]
-153 : [188]
-152 : [188]
-151 : [188]
-150 : [188]
-149 : [188, 267]
-148 : [187]
-147 : [187, 327]
-146 : [181, 355, 478]
-145 : [177, 182, 206, 284, 323, 346, 382, 389, 394, 406]
-144 : [174]
-143 : [174]
-142 : [174]
-141 : [174]
-140 : [168, 208, 261, 338, 358, 360]
-139 : [168]
-138 : [168, 208, 261, 338, 358, 360, 388, 438]
-137 : [165]
-136 : [164]
-135 : [163, 190]
-134 : [162, 185]
-133 : [162, 185]
-132 : [162, 185]
-131 : [161, 476, 477]
-130 : [157]
-129 : [154, 186, 365, 393]
-128 : [150, 248, 418, 429]
-127 : [149]
-126 : [147, 290]
-125 : [138]
-124 : [137]
-123 : [130]
-122 : [122, 188]
-121 : [122]
-120 : [122]
-119 : [122]
-118 : [122]
-117 : [122]
-116 : [122]
-115 : [122]
-114 : [122]
-113 : [115]
-112 : [115]
-111 : [115]
-110 : [115]
-109 : [113, 387]
-108 : [112]
-107 : [112]
-106 : [111]
-105 : [110]
-104 : [110]
-103 : [110]
-102 : [110]
-101 : [110]
-100 : [110]
-99 : [110]
-98 : [108]
-97 : [108, 150]
-96 : [107, 283, 380]
-95 : [103, 103, 111, 111, 151, 196, 212, 288, 356, 420]
-94 : [102, 272]
-93 : [102, 272]
-92 : [100]
-91 : [98, 221]
-90 : [95]
-89 : [95]
-88 : [93]
-87 : [92, 468]
-86 : [92]
-85 : [92]
-84 : [91]
-83 : [86]
-82 : [86]
-81 : [86]
-80 : [86]
-79 : [86]
-78 : [86]
-77 : [82]
-76 : [82]
-75 : [79, 469, 474]
-74 : [79, 469, 474]
-73 : [79, 469, 474]
-72 : [79, 469, 474]
-71 : [78]
-70 : [76, 199, 297, 303, 312, 321, 330, 359, 427, 430, 434, 440]
-69 : [76, 199, 297, 303, 312, 321, 330, 359, 427, 430, 434, 440]
-68 : [76, 199, 297, 303, 312, 321, 330, 359, 427, 430, 434, 440]
-67 : [76, 199, 297, 303, 312, 321, 330, 359, 427, 430, 434, 440]
-66 : [74, 115, 204, 245, 287, 298]
-65 : [74]
-64 : [74]
-63 : [69]
-62 : [60]
-61 : [50, 205]
-60 : [47, 55, 150, 164, 293]
-59 : [46, 383]
-58 : [45, 73, 168, 208, 261, 338, 358, 360, 388, 438]
-57 : [43]
-56 : [39, 306]
-55 : [39, 306]
-54 : [39, 306]
-53 : [39, 306]
-52 : [38, 172, 341, 347]
-51 : [38, 70, 93, 139, 172, 211, 265, 341, 347, 386, 463]
-50 : [38, 70, 89, 93, 130, 139, 172, 211, 341, 347, 377, 444, 459, 463]
-49 : [38, 172, 341, 347]
-48 : [35, 36, 218, 414]
-47 : [35, 36, 218, 414]
-46 : [35, 36, 218, 414]
-45 : [35, 36, 55, 96, 110, 168, 174, 208, 218, 261, 286, 310, 338, 358, 360, 376, 414, 415, 428, 429, 445, 480]
-44 : [35, 36, 218, 414]
-43 : [35, 36, 218, 414]
-42 : [33, 65, 95, 129, 183, 234, 241, 280, 305, 350, 384, 426, 437, 472]
-41 : [31]
-40 : [29, 42, 159, 353]
-39 : [28]
-38 : [28]
-37 : [28]
-36 : [27]
-35 : [26, 408]
-34 : [23, 77, 177, 180, 182, 206, 323, 346, 382, 394]
-33 : [22, 120, 126, 170, 236, 354, 377]
-32 : [21, 158, 282, 299, 344, 352, 354, 410]
-31 : [19, 103, 151, 184, 212, 219, 233, 288, 356, 416, 420, 446, 462]
-30 : [19, 149, 151, 184, 212, 219, 288, 391, 416, 420, 446, 462]
-29 : [18]
-28 : [18, 39, 86, 112, 196, 306]
-27 : [18]
-26 : [18]
-25 : [18]
-24 : [17, 31, 34, 315]
-23 : [15, 24, 37, 49, 57, 61, 85, 87, 97, 106, 114, 141, 142, 230, 237, 268, 273, 313, 383, 390, 392, 402, 403, 413, 423, 433]
-22 : [15, 23, 24, 37, 46, 49, 57, 61, 85, 87, 97, 106, 114, 141, 142, 195, 230, 237, 268, 273, 313, 383, 389, 390, 392, 402, 403, 413, 423, 433]
-21 : [15, 23, 24, 37, 46, 49, 57, 61, 85, 87, 97, 106, 114, 141, 142, 195, 230, 237, 268, 273, 313, 390, 392, 402, 403, 413, 423, 433]
-20 : [15, 23, 24, 27, 37, 46, 49, 57, 60, 61, 77, 85, 87, 97, 106, 114, 141, 142, 169, 177, 178, 180, 182, 195, 206, 230, 237, 268, 273, 284, 313, 323, 346, 382, 389, 390, 392, 394, 398, 402, 403, 406, 413, 423, 433]
-19 : [12, 14, 59, 107, 123, 126, 179, 194, 203, 215, 274, 301, 411, 435]
-18 : [11, 20, 100, 105, 223, 317, 318, 337, 376, 431, 451, 452]
-17 : [10, 68]
-16 : [10, 68, 287]
-15 : [10, 68]
-14 : [10, 68]
-13 : [10, 68]
-12 : [9, 12, 14, 21, 22, 38, 39, 41, 50, 54, 59, 62, 67, 70, 76, 88, 89, 93, 107, 117, 120, 123, 126, 128, 130, 139, 143, 148, 154, 155, 156, 157, 158, 162, 170, 172, 179, 181, 185, 186, 187, 194, 197, 199, 200, 203, 205, 211, 213, 215, 216, 220, 224, 235, 236, 257, 262, 265, 274, 278, 281, 283, 289, 294, 295, 297, 299, 301, 303, 306, 309, 311, 312, 314, 321, 327, 330, 332, 341, 342, 344, 347, 351, 352, 354, 355, 359, 365, 369, 377, 380, 386, 391, 393, 399, 400, 401, 409, 410, 411, 427, 430, 432, 434, 435, 436, 440, 444, 447, 450, 459, 460, 463, 478, 479]
-11 : [7, 47, 55, 164]
-10 : [7]
-9 : [7, 47, 55]
-8 : [6, 152, 173, 222, 225, 279, 292, 296, 308, 439]
-7 : [5, 11, 16, 20, 90, 91, 92, 100, 105, 119, 125, 131, 132, 135, 137, 189, 191, 223, 226, 248, 250, 253, 254, 258, 263, 267, 269, 290, 293, 302, 304, 307, 317, 318, 319, 320, 328, 334, 335, 337, 381, 418, 419, 431, 441, 442, 449, 451, 452, 454, 456, 476]
-6 : [4, 7, 47, 55, 58, 66, 75, 116, 124, 134, 146, 153, 164, 175, 210, 255, 260, 277, 293, 340, 357, 363, 372, 373, 375, 378, 424, 477]
-5 : [4, 175, 357]
-4 : [4, 357]
-3 : [2, 3, 10, 13, 25, 28, 29, 30, 40, 42, 43, 44, 51, 53, 56, 63, 68, 71, 74, 78, 80, 81, 82, 83, 84, 94, 99, 104, 108, 109, 113, 118, 121, 127, 133, 136, 138, 140, 144, 145, 147, 150, 159, 160, 161, 163, 165, 166, 167, 176, 190, 192, 193, 207, 208, 209, 214, 217, 227, 228, 229, 231, 232, 238, 239, 242, 243, 245, 247, 249, 251, 256, 259, 261, 264, 266, 270, 275, 276, 285, 300, 316, 322, 324, 325, 333, 336, 338, 339, 343, 345, 348, 349, 353, 358, 360, 361, 362, 364, 366, 367, 370, 371, 374, 379, 387, 388, 395, 396, 397, 404, 405, 412, 417, 422, 443, 448, 453, 455, 457, 458, 461, 464, 465, 466, 467, 468, 470, 471, 473, 475, 477]
-2 : [2]
-1 : [1, 8, 32, 48, 52, 58, 64, 72, 75, 101, 116, 124, 134, 146, 153, 171, 198, 202, 210, 260, 277, 326, 329, 331, 340, 363, 372, 373, 375, 421, 425]
1 : [-1]
2 : [-2, -3]
3 : [-3]
4 : [-4, -5, -6]
5 : [-7]
6 : [-8]
7 : [-9, -10, -11, -6]
8 : [-1]
9 : [-12]
10 : [-3, -13, -14, -15, -16, -17]
11 : [-7, -18]
12 : [-19, -12]
13 : [-3]
14 : [-12, -19]
15 : [-20, -21, -22, -23]
16 : [-7]
17 : [-24]
18 : [-25, -26, -27, -28, -29]
19 : [-30, -31]
20 : [-7, -18]
21 : [-12, -32]
22 : [-33, -12]
23 : [-20, -21, -22, -34]
24 : [-20, -21, -22, -23]
25 : [-3]
26 : [-35]
27 : [-36, -20]
28 : [-37, -3, -38, -39]
29 : [-3, -40]
30 : [-3]
31 : [-24, -41]
32 : [-1]
33 : [-42]
34 : [-24]
35 : [-43, -44, -45, -46, -47, -48]
36 : [-43, -44, -45, -46, -47, -48]
37 : [-20, -21, -22, -23]
38 : [-12, -49, -50, -51, -52]
39 : [-12, -53, -54, -55, -56, -28]
40 : [-3]
41 : [-12]
42 : [-3, -40]
43 : [-3, -57]
44 : [-3]
45 : [-58]
46 : [-20, -21, -22, -59]
47 : [-9, -60, -11, -6]
48 : [-1]
49 : [-20, -21, -22, -23]
50 : [-12, -61]
51 : [-3]
52 : [-1]
53 : [-3]
54 : [-12]
55 : [-45, -60, -11, -9, -6]
56 : [-3]
57 : [-20, -21, -22, -23]
58 : [-6, -1]
59 : [-19, -12]
60 : [-62, -20]
61 : [-20, -21, -22, -23]
62 : [-12]
63 : [-3]
64 : [-1]
65 : [-42]
66 : [-6]
67 : [-12]
68 : [-3, -13, -14, -15, -16, -17]
69 : [-63]
70 : [-50, -51, -12]
71 : [-3]
72 : [-1]
73 : [-58]
74 : [-3, -64, -65, -66]
75 : [-6, -1]
76 : [-67, -68, -12, -69, -70]
77 : [-34, -20]
78 : [-3, -71]
79 : [-72, -73, -74, -75]
80 : [-3]
81 : [-3]
82 : [-3, -76, -77]
83 : [-3]
84 : [-3]
85 : [-20, -21, -22, -23]
86 : [-78, -79, -80, -28, -81, -82, -83]
87 : [-20, -21, -22, -23]
88 : [-12]
89 : [-50, -12]
90 : [-7]
91 : [-84, -7]
92 : [-7, -85, -86, -87]
93 : [-88, -51, -50, -12]
94 : [-3]
95 : [-42, -89, -90]
96 : [-45]
97 : [-20, -21, -22, -23]
98 : [-91]
99 : [-3]
100 : [-92, -7, -18]
101 : [-1]
102 : [-93, -94]
103 : [-31, -95, -95]
104 : [-3]
105 : [-7, -18]
106 : [-20, -21, -22, -23]
107 : [-12, -96, -19]
108 : [-3, -97, -98]
109 : [-3]
110 : [-45, -99, -100, -101, -102, -103, -104, -105]
111 : [-95, -106, -95]
112 : [-107, -28, -108]
113 : [-3, -109]
114 : [-20, -21, -22, -23]
115 : [-110, -111, -66, -112, -113]
116 : [-6, -1]
117 : [-12]
118 : [-3]
119 : [-7]
120 : [-33, -12]
121 : [-3]
122 : [-114, -115, -116, -117, -118, -119, -120, -121, -122]
123 : [-12, -19]
124 : [-6, -1]
125 : [-7]
126 : [-12, -19, -33]
127 : [-3]
128 : [-12]
129 : [-42]
130 : [-123, -50, -12]
131 : [-7]
132 : [-7]
133 : [-3]
134 : [-6, -1]
135 : [-7]
136 : [-3]
137 : [-7, -124]
138 : [-3, -125]
139 : [-50, -51, -12]
140 : [-3]
141 : [-20, -21, -22, -23]
142 : [-20, -21, -22, -23]
143 : [-12]
144 : [-3]
145 : [-3]
146 : [-6, -1]
147 : [-3, -126]
148 : [-12]
149 : [-30, -127]
150 : [-3, -60, -97, -128]
151 : [-30, -31, -95]
152 : [-8]
153 : [-6, -1]
154 : [-12, -129]
155 : [-12]
156 : [-12]
157 : [-12, -130]
158 : [-32, -12]
159 : [-3, -40]
160 : [-3]
161 : [-3, -131]
162 : [-132, -133, -134, -12]
163 : [-3, -135]
164 : [-11, -60, -136, -6]
165 : [-3, -137]
166 : [-3]
167 : [-3]
168 : [-138, -58, -139, -45, -140]
169 : [-20]
170 : [-33, -12]
171 : [-1]
172 : [-12, -49, -50, -51, -52]
173 : [-8]
174 : [-141, -142, -143, -45, -144]
175 : [-5, -6]
176 : [-3]
177 : [-20, -145, -34]
178 : [-20]
179 : [-12, -19]
180 : [-34, -20]
181 : [-12, -146]
182 : [-20, -145, -34]
183 : [-42]
184 : [-31, -30]
185 : [-132, -133, -134, -12]
186 : [-12, -129]
187 : [-147, -148, -12]
188 : [-149, -150, -151, -152, -153, -122, -154]
189 : [-155, -7]
190 : [-3, -135]
191 : [-7]
192 : [-3]
193 : [-3]
194 : [-12, -19]
195 : [-20, -21, -22, -156]
196 : [-95, -157, -158, -159, -160, -161, -162, -163, -164, -28]
197 : [-12, -165, -166, -167, -168]
198 : [-1]
199 : [-67, -68, -12, -69, -70]
200 : [-12, -169]
201 : [-170]
202 : [-1]
203 : [-12, -171, -19, -172]
204 : [-173, -66, -174]
205 : [-12, -61]
206 : [-34, -20, -145]
207 : [-3]
208 : [-138, -58, -3, -45, -140]
209 : [-3]
210 : [-6, -1]
211 : [-50, -51, -12]
212 : [-30, -31, -95]
213 : [-12]
214 : [-3]
215 : [-12, -19]
216 : [-12]
217 : [-3]
218 : [-43, -44, -45, -46, -47, -48]
219 : [-31, -30]
220 : [-12]
221 : [-91, -175]
222 : [-8]
223 : [-7, -18]
224 : [-12]
225 : [-8]
226 : [-7]
227 : [-3]
228 : [-3]
229 : [-3, -176]
230 : [-20, -21, -22, -23]
231 : [-3]
232 : [-3]
233 : [-31]
234 : [-42, -177, -178, -179, -180, -181]
235 : [-12]
236 : [-33, -182, -12]
237 : [-20, -21, -22, -23]
238 : [-3]
239 : [-3]
240 : [-183]
241 : [-42]
242 : [-3]
243 : [-3]
244 : [-184, -185]
245 : [-3, -186, -66, -187]
246 : [-183]
247 : [-3]
248 : [-7, -188, -189, -128]
249 : [-3]
250 : [-190, -7, -191, -192]
251 : [-3]
252 : [-193, -194, -195, -196, -197, -198]
253 : [-7, -199]
254 : [-200, -7]
255 : [-201, -202, -6]
256 : [-3]
257 : [-12, -203]
258 : [-204, -7]
259 : [-3]
260 : [-6, -1]
261 : [-58, -138, -3, -45, -140]
262 : [-12, -205]
263 : [-7]
264 : [-3, -206]
265 : [-51, -12]
266 : [-3, -207]
267 : [-208, -209, -149, -7]
268 : [-20, -21, -22, -23]
269 : [-210, -7]
270 : [-3, -211]
271 : [-212]
272 : [-93, -94]
273 : [-20, -21, -22, -23]
274 : [-12, -19]
275 : [-3, -213, -214, -215]
276 : [-3]
277 : [-6, -1]
278 : [-12]
279 : [-8]
280 : [-42, -216]
281 : [-217, -218, -12]
282 : [-219, -169, -220, -32]
283 : [-12, -96]
284 : [-20, -145, -221]
285 : [-3]
286 : [-222, -223, -45]
287 : [-224, -16, -225, -66, -226]
288 : [-31, -95, -30]
289 : [-12]
290 : [-7, -126]
291 : [-184, -227]
292 : [-8]
293 : [-228, -229, -60, -7, -230, -6]
294 : [-12]
295 : [-231, -12, -232]
296 : [-8]
297 : [-67, -68, -12, -69, -70]
298 : [-66]
299 : [-32, -12]
300 : [-3]
301 : [-12, -19]
302 : [-7]
303 : [-67, -68, -12, -69, -70]
304 : [-7]
305 : [-42]
306 : [-12, -53, -54, -55, -56, -28]
307 : [-7]
308 : [-8]
309 : [-12, -233, -234]
310 : [-235, -236, -45]
311 : [-12]
312 : [-67, -68, -12, -69, -70]
313 : [-20, -21, -22, -23]
314 : [-12]
315 : [-24, -237, -179]
316 : [-3, -238, -239, -237]
317 : [-7, -18]
318 : [-7, -18]
319 : [-7, -240]
320 : [-7]
321 : [-67, -68, -12, -69, -70]
322 : [-3]
323 : [-34, -20, -145]
324 : [-3]
325 : [-3]
326 : [-1]
327 : [-12, -147]
328 : [-7]
329 : [-1]
330 : [-67, -68, -12, -69, -70]
331 : [-1]
332 : [-241, -12, -242]
333 : [-3]
334 : [-7]
335 : [-7]
336 : [-3]
337 : [-7, -18]
338 : [-138, -58, -3, -45, -140]
339 : [-3]
340 : [-6, -1]
341 : [-12, -49, -50, -51, -52]
342 : [-12]
343 : [-3]
344 : [-12, -32]
345 : [-3]
346 : [-20, -145, -34]
347 : [-12, -49, -50, -51, -52]
348 : [-3, -243]
349 : [-3]
350 : [-42, -244]
351 : [-12]
352 : [-12, -32, -245]
353 : [-3, -40]
354 : [-246, -12, -32, -33, -233]
355 : [-12, -146]
356 : [-95, -31]
357 : [-4, -5, -6]
358 : [-58, -138, -3, -45, -140]
359 : [-67, -68, -12, -69, -70]
360 : [-58, -138, -3, -45, -140]
361 : [-3]
362 : [-3]
363 : [-6, -1]
364 : [-3]
365 : [-12, -129, -247, -248]
366 : [-3]
367 : [-3]
368 : [-249, -250, -251, -252, -253, -254, -255]
369 : [-256, -12]
370 : [-3]
371 : [-3]
372 : [-6, -1]
373 : [-6, -1]
374 : [-3]
375 : [-6, -1]
376 : [-257, -45, -18, -258]
377 : [-12, -50, -33]
378 : [-6, -259, -260]
379 : [-3]
380 : [-12, -261, -96]
381 : [-7]
382 : [-20, -145, -34]
383 : [-262, -59, -23, -263, -22, -264]
384 : [-42]
385 : [-171, -169, -182, -265, -266, -267]
386 : [-51, -12]
387 : [-3, -109]
388 : [-58, -138, -3]
389 : [-268, -20, -145, -22]
390 : [-20, -21, -22, -23]
391 : [-30, -12]
392 : [-20, -21, -22, -23]
393 : [-12, -129]
394 : [-20, -145, -34]
395 : [-3]
396 : [-3]
397 : [-3]
398 : [-20]
399 : [-12]
400 : [-12]
401 : [-12, -233, -234]
402 : [-20, -21, -22, -23]
403 : [-20, -21, -22, -23]
404 : [-3]
405 : [-3]
406 : [-145, -156, -20]
407 : [-269]
408 : [-35]
409 : [-270, -12, -271]
410 : [-12, -32]
411 : [-12, -19]
412 : [-3]
413 : [-20, -21, -22, -23]
414 : [-43, -44, -45, -46, -47, -48]
415 : [-272, -273, -45, -274, -275, -276]
416 : [-31, -30]
417 : [-3]
418 : [-7, -128, -277, -278]
419 : [-7, -279]
420 : [-95, -30, -31]
421 : [-1]
422 : [-3, -179, -280]
423 : [-20, -21, -22, -23]
424 : [-6]
425 : [-1]
426 : [-42]
427 : [-67, -68, -12, -69, -70]
428 : [-281, -45]
429 : [-45, -128, -282, -283]
430 : [-67, -68, -12, -69, -70]
431 : [-7, -18]
432 : [-12]
433 : [-20, -21, -22, -23]
434 : [-67, -68, -12, -69, -70]
435 : [-12, -19]
436 : [-12]
437 : [-42]
438 : [-58, -138]
439 : [-8]
440 : [-67, -68, -12, -69, -70]
441 : [-7]
442 : [-284, -7]
443 : [-3]
444 : [-50, -12]
445 : [-45]
446 : [-31, -285, -30]
447 : [-12]
448 : [-3]
449 : [-7]
450 : [-231, -12, -232]
451 : [-7, -18]
452 : [-7, -18]
453 : [-3]
454 : [-7, -286, -287, -288]
455 : [-289, -3]
456 : [-7]
457 : [-3]
458 : [-3]
459 : [-50, -290, -291, -12, -292]
460 : [-293, -12]
461 : [-3]
462 : [-31, -30]
463 : [-50, -51, -12]
464 : [-3, -294]
465 : [-3, -295]
466 : [-3, -296, -179]
467 : [-3, -297, -298]
468 : [-3, -299, -300, -301, -87]
469 : [-72, -73, -74, -75]
470 : [-3, -302]
471 : [-3, -238, -239, -237]
472 : [-42]
473 : [-3, -303, -304, -305]
474 : [-72, -73, -74, -75]
475 : [-3]
476 : [-7, -131]
477 : [-6, -3, -131]
478 : [-12, -146]
479 : [-306, -307, -12]
480 : [-45]
